Valor_ADC_12bits	Frecuencia
1446	1
1460	1
1463	2
1467	1
1470	1
1471	2
1472	1
1473	1
1474	2
1477	2
1478	3
1479	4
1480	5
1481	6
1482	15
1483	33
1484	46
1485	52
1486	66
1487	57
1488	64
1489	52
1490	56
1491	47
1492	36
1493	38
1494	31
1495	15
1496	21
1497	41
1498	28
1499	20
1500	27
1501	28
1502	27
1503	19
1504	17
1505	29
1506	22
1507	23
1508	21
1509	27
1510	17
1511	15
1512	23
1513	16
1514	18
1515	17
1516	18
1517	20
1518	13
1519	22
1520	20
1521	23
1522	20
1523	19
1524	20
1525	9
1526	15
1527	16
1528	18
1529	14
1530	11
1531	14
1532	17
1533	14
1534	2
1536	19
1537	9
1538	10
1539	19
1540	10
1541	17
1542	14
1543	13
1544	15
1545	14
1546	15
1547	6
1548	14
1549	11
1550	11
1551	10
1552	12
1553	12
1554	16
1555	17
1556	14
1557	11
1558	11
1559	8
1560	14
1561	6
1562	17
1563	9
1564	20
1565	8
1566	4
1567	12
1568	13
1569	13
1570	11
1571	18
1572	14
1573	10
1574	8
1575	9
1576	10
1577	16
1578	9
1579	13
1580	13
1581	9
1582	10
1583	10
1584	10
1585	16
1586	11
1587	11
1588	4
1589	7
1590	5
1591	5
1592	10
1593	14
1594	13
1595	10
1596	6
1597	10
1598	8
1599	10
1600	17
1601	10
1602	10
1603	6
1604	6
1605	5
1606	10
1607	4
1608	6
1609	8
1610	12
1611	7
1612	14
1613	15
1614	7
1615	7
1616	11
1617	4
1618	11
1619	15
1620	11
1621	14
1622	11
1623	6
1624	11
1625	11
1626	12
1627	13
1628	9
1629	12
1630	12
1631	7
1632	9
1633	12
1634	7
1635	8
1636	14
1637	6
1638	8
1639	3
1640	11
1641	10
1642	10
1643	8
1644	9
1645	9
1646	5
1647	1
1648	7
1649	12
1650	6
1651	5
1652	6
1653	9
1654	9
1655	7
1656	16
1657	10
1658	13
1659	11
1660	12
1661	5
1662	8
1663	3
1664	9
1665	8
1666	3
1667	9
1668	9
1669	9
1670	10
1671	10
1672	16
1673	11
1674	5
1675	8
1676	13
1677	3
1678	4
1679	5
1680	7
1681	9
1682	9
1683	12
1684	8
1685	11
1686	12
1687	6
1688	4
1689	7
1690	8
1691	9
1692	8
1693	16
1694	15
1695	9
1696	6
1697	9
1698	11
1699	10
1700	5
1701	7
1702	7
1703	9
1704	11
1705	11
1706	11
1707	9
1708	12
1709	8
1710	9
1711	2
1712	7
1713	8
1714	5
1715	10
1716	10
1717	6
1718	10
1719	5
1720	2
1721	8
1722	7
1723	8
1724	3
1725	11
1726	9
1727	6
1728	6
1729	8
1730	15
1731	9
1732	14
1733	9
1734	9
1735	4
1736	3
1737	4
1738	11
1739	2
1740	7
1741	9
1742	6
1743	7
1744	5
1745	8
1746	7
1747	5
1748	5
1749	9
1750	5
1751	5
1752	7
1753	5
1754	11
1755	12
1756	6
1757	4
1758	7
1759	8
1760	7
1761	7
1762	10
1763	6
1764	6
1765	8
1766	9
1767	4
1768	4
1769	14
1770	4
1771	9
1772	10
1773	8
1774	6
1775	3
1776	7
1777	4
1778	16
1779	6
1780	9
1781	3
1782	5
1783	3
1784	10
1785	7
1786	6
1787	8
1788	7
1789	10
1790	7
1791	12
1792	8
1793	6
1794	9
1795	7
1796	11
1797	7
1798	9
1799	8
1800	6
1801	8
1802	6
1803	6
1804	5
1805	6
1806	8
1807	5
1808	6
1809	4
1810	6
1811	5
1812	8
1813	5
1814	6
1815	6
1816	5
1817	7
1818	4
1819	10
1820	10
1821	10
1822	9
1823	11
1824	2
1825	6
1826	3
1827	8
1828	2
1829	4
1830	9
1831	4
1832	10
1833	3
1834	13
1835	4
1836	7
1837	3
1838	6
1839	5
1840	10
1841	13
1842	6
1843	3
1844	8
1845	5
1846	6
1847	4
1848	8
1849	8
1850	2
1851	3
1852	7
1853	4
1854	8
1855	5
1856	4
1857	2
1858	4
1859	8
1860	4
1861	9
1862	7
1863	6
1864	6
1865	5
1866	8
1867	5
1868	4
1869	10
1870	5
1871	7
1872	3
1873	6
1874	9
1875	8
1876	8
1877	6
1878	4
1879	1
1880	4
1881	3
1882	4
1883	4
1884	4
1885	9
1886	5
1887	5
1888	11
1889	9
1890	5
1891	4
1892	5
1893	6
1894	6
1895	2
1896	6
1897	8
1898	10
1899	9
1900	9
1901	7
1902	9
1903	3
1904	3
1905	5
1906	8
1907	7
1908	3
1909	7
1910	2
1911	7
1912	7
1913	5
1914	10
1915	7
1916	10
1917	4
1918	8
1919	7
1920	3
1921	4
1922	7
1923	5
1924	13
1925	7
1926	5
1927	2
1928	9
1929	5
1930	6
1931	8
1932	8
1933	7
1934	7
1935	3
1936	7
1937	8
1938	11
1939	10
1940	7
1941	8
1942	7
1943	2
1944	7
1945	10
1946	8
1947	8
1948	6
1949	6
1950	3
1951	6
1952	8
1953	10
1954	5
1955	4
1956	7
1957	3
1958	4
1959	7
1960	10
1961	5
1962	7
1963	9
1964	4
1965	3
1966	9
1967	3
1968	6
1969	6
1970	7
1971	12
1972	7
1973	2
1974	6
1975	5
1976	9
1977	10
1978	7
1979	11
1980	8
1981	6
1982	5
1983	12
1984	8
1985	7
1986	4
1987	6
1988	4
1989	8
1990	12
1991	6
1992	6
1993	6
1994	4
1995	8
1996	6
1997	3
1998	2
1999	8
2000	4
2001	9
2002	2
2003	7
2004	5
2005	9
2006	11
2007	3
2008	5
2009	6
2010	4
2011	5
2012	8
2013	5
2014	7
2015	9
2016	12
2017	10
2018	6
2019	6
2020	5
2021	8
2022	5
2023	7
2024	5
2025	7
2026	3
2027	3
2028	7
2029	5
2030	4
2031	2
2032	6
2033	9
2034	8
2035	7
2036	5
2037	9
2038	7
2039	4
2040	3
2041	3
2042	5
2043	3
2044	5
2045	8
2046	5
2048	4
2049	5
2050	7
2051	8
2052	3
2053	5
2054	6
2055	3
2056	6
2057	3
2058	7
2059	9
2060	7
2061	8
2063	7
2064	4
2065	4
2066	7
2067	6
2068	5
2069	10
2070	5
2071	8
2072	9
2073	3
2074	6
2075	10
2076	7
2077	6
2078	8
2079	5
2080	6
2081	4
2082	13
2083	10
2084	7
2085	6
2086	5
2087	3
2088	5
2089	6
2090	9
2091	4
2092	4
2093	5
2094	10
2095	4
2096	7
2097	6
2098	10
2099	7
2100	5
2101	3
2102	7
2103	6
2104	1
2105	9
2106	4
2107	7
2108	8
2109	4
2110	4
2111	7
2112	2
2113	7
2114	8
2115	7
2116	10
2117	2
2118	5
2119	2
2120	3
2121	6
2122	4
2123	3
2124	4
2125	2
2126	8
2127	5
2128	9
2129	5
2130	5
2131	3
2132	5
2133	10
2134	9
2135	2
2136	3
2137	6
2138	8
2139	8
2140	5
2141	6
2142	12
2143	5
2144	9
2145	5
2146	6
2147	10
2148	9
2149	13
2150	3
2151	2
2152	9
2153	7
2154	11
2155	5
2156	8
2157	4
2158	5
2159	2
2160	3
2161	11
2162	6
2163	5
2164	6
2165	9
2166	6
2167	7
2168	7
2169	3
2170	6
2171	7
2172	3
2173	6
2174	7
2175	2
2176	9
2177	5
2178	6
2179	4
2180	9
2181	6
2182	6
2183	4
2184	7
2185	5
2186	7
2187	6
2188	12
2189	6
2190	5
2191	4
2192	14
2193	5
2194	4
2195	4
2196	10
2197	6
2198	9
2199	6
2200	8
2201	7
2202	4
2203	10
2204	9
2205	7
2206	5
2207	4
2208	6
2209	7
2210	9
2211	3
2212	3
2213	7
2214	8
2215	3
2216	8
2217	10
2218	8
2219	5
2220	6
2221	5
2222	7
2223	3
2224	11
2225	9
2226	4
2227	10
2228	5
2229	11
2230	7
2231	6
2232	5
2233	3
2234	7
2235	5
2236	7
2237	6
2238	15
2239	4
2240	3
2241	6
2242	7
2243	4
2244	8
2245	7
2246	8
2247	7
2248	12
2249	8
2250	3
2251	6
2252	5
2253	8
2254	14
2255	10
2256	10
2257	8
2258	7
2259	11
2260	5
2261	7
2262	7
2263	4
2264	12
2265	9
2266	6
2267	6
2268	6
2269	7
2270	9
2271	4
2272	6
2273	2
2274	9
2275	9
2276	5
2277	8
2278	5
2279	3
2280	3
2281	7
2282	6
2283	3
2284	3
2285	9
2286	7
2287	8
2288	6
2289	6
2290	6
2291	3
2292	6
2293	6
2294	6
2295	2
2296	11
2297	5
2298	8
2299	7
2300	10
2301	7
2302	1
2303	15
2304	7
2305	4
2306	5
2307	3
2308	8
2309	2
2310	2
2311	4
2312	9
2313	8
2314	4
2315	8
2316	9
2317	13
2318	8
2319	5
2320	7
2321	9
2322	11
2323	11
2324	9
2325	13
2326	11
2327	5
2328	6
2329	9
2330	2
2331	9
2332	5
2333	9
2334	13
2335	8
2336	6
2337	3
2338	5
2339	5
2340	5
2341	12
2342	11
2343	5
2344	8
2345	6
2346	6
2347	7
2348	3
2349	11
2350	7
2351	6
2352	9
2353	6
2354	6
2355	6
2356	5
2357	9
2358	10
2359	2
2360	10
2361	12
2362	10
2363	7
2364	10
2365	11
2366	8
2367	6
2368	14
2369	5
2370	13
2371	7
2372	10
2373	11
2374	5
2375	6
2376	4
2377	7
2378	8
2379	13
2380	7
2381	3
2382	7
2383	7
2384	9
2385	4
2386	8
2387	6
2388	6
2389	7
2390	10
2391	8
2392	3
2393	10
2394	8
2395	13
2396	7
2397	7
2398	4
2399	13
2400	11
2401	4
2402	12
2403	7
2404	12
2405	4
2406	5
2407	8
2408	9
2409	14
2410	6
2411	7
2412	9
2413	11
2414	5
2415	10
2416	9
2417	12
2418	15
2419	10
2420	14
2421	5
2422	9
2423	4
2424	2
2425	7
2426	15
2427	10
2428	12
2429	14
2430	20
2431	5
2432	12
2433	12
2434	17
2435	9
2436	12
2437	14
2438	9
2439	13
2440	6
2441	15
2442	10
2443	8
2444	14
2445	17
2446	9
2447	12
2448	15
2449	10
2450	19
2451	6
2452	16
2453	13
2454	9
2455	9
2456	10
2457	10
2458	10
2459	15
2460	14
2461	14
2462	10
2463	14
2464	13
2465	15
2466	13
2467	20
2468	8
2469	19
2470	15
2471	12
2472	12
2473	11
2474	11
2475	16
2476	13
2477	11
2478	21
2479	14
2480	19
2481	21
2482	18
2483	17
2484	19
2485	20
2486	20
2487	13
2488	16
2489	23
2490	16
2491	21
2492	14
2493	17
2494	18
2495	15
2496	27
2497	17
2498	20
2499	16
2500	31
2501	27
2502	23
2503	9
2504	18
2505	26
2506	20
2507	26
2508	21
2509	36
2510	24
2511	24
2512	25
2513	22
2514	18
2515	34
2516	35
2517	35
2518	29
2519	27
2520	43
2521	46
2522	46
2523	41
2524	49
2525	65
2526	80
2527	66
2528	47
2529	16
2530	10
2531	8
2532	4
2533	4
2534	1
2535	3
2536	6
2538	2
2539	2
2541	1
2542	1
2547	1
2552	1
2565	1
